0.0 1.0
0.01 1.0000090037616447
0.02 1.0000023109347596
0.03 0.9999551137347781
0.04 0.9999523326176082
0.05 1.0000884025603016
0.06 1.0002004046157298
0.07 0.9999760442567643
0.08 0.9995385780718529
0.09 0.9995973845467911
0.1 1.0005031807203761
0.11 1.0012926079181819
0.12 1.0004834853556135
0.13 0.9982534005635142
0.14 0.9971496202566886
0.15 0.999526545832003
0.16 1.0040651038496047
0.17 1.0058640185665335
0.18 1.0012386064732486
0.19 0.9927048732498955
0.2 0.9882825995531669
0.21 0.9944805407203895
0.22 1.009064154359156
0.23 1.0208875076791246
0.24 1.0181147355495388
0.25 0.998522659852331
0.26 0.9732551802962877
0.27 0.9603813776529991
0.28 0.9725311514141379
0.29 1.0073341874389263
0.3 1.0472899223114942
0.31 1.0691720628909291
0.32 1.0570554127810006
0.33 1.0113482726888836
0.34 0.9491933169593211
0.35000000000000003 0.896715932764066
0.36 0.8776127383142573
0.37 0.9036051452530167
0.38 0.9704932055568751
0.39 1.0604727945732384
0.4 1.148751478309401
0.41000000000000003 1.21133025262517
0.42 1.231169315616135
0.43 1.2012258118465475
0.44 1.1242692825460592
0.45 1.0103859546209657
0.46 0.87347059113856
0.47000000000000003 0.7278662186174283
0.48 0.5858852755301027
0.49 0.45647027773831833
0.5 0.3448864862361478
0.51 0.25314251457168707
0.52 0.18079134608995082
0.53 0.12582089690249842
0.54 0.08544270599560637
0.55 0.05668649486091635
0.56 0.03678390604202848
0.5700000000000001 0.023370154354750178
0.58 0.014551491964010075
0.59 0.008887527841411568
0.6 0.005328918948398915
0.61 0.003139163220816428
0.62 0.0018180866283247004
0.63 0.0010359287974287222
0.64 5.810722341028858E-4
0.65 3.210470054909899E-4
0.66 1.7481692803148751E-4
0.67 9.386394440500242E-5
0.68 4.971939837265563E-5
0.6900000000000001 2.5993467773634057E-5
0.7000000000000001 1.34184579285847E-5
0.71 6.84257855736797E-6
0.72 3.4481434581588436E-6
0.73 1.7177510806635852E-6
0.74 8.462478981790693E-7
0.75 4.124232830998027E-7
0.76 1.9890047232325562E-7
0.77 9.495284529203536E-8
0.78 4.4883442031518534E-8
0.79 2.1013151744638734E-8
0.8 9.746276283864304E-9
0.81 4.479601614569728E-9
0.8200000000000001 2.0407943791470705E-9
0.8300000000000001 9.217644387714287E-10
0.84 4.1285641015158435E-10
0.85 1.8341301489461084E-10
0.86 8.08357144584305E-11
0.87 3.535126267678353E-11
0.88 1.5343283622024958E-11
0.89 6.610335874697218E-12
0.9 2.8274680939959337E-12
0.91 1.20092311953098E-12
0.92 5.065795712782217E-13
0.93 2.1225808542345388E-13
0.9400000000000001 8.835510204748747E-14
0.9500000000000001 3.654384831548805E-14
0.96 1.502013317754626E-14
0.97 6.136060421956069E-15
0.98 2.488501625540099E-15
0.99 1.0413548552352472E-15
1.0 0.0
