0.0 1.0
0.01 1.0015144215534926
0.02 1.0016996109034344
0.03 0.9946787810466646
0.04 0.9885491792183154
0.05 1.0000074891600583
0.06 1.0252711243593955
0.07 1.033318040273403
0.08 1.000194184428881
0.09 0.9434470702737661
0.1 0.9131544407966629
0.11 0.9482374244981178
0.12 1.0422369523360502
0.13 1.1468341676886544
0.14 1.2037422554855044
0.15 1.1767605059760258
0.16 1.0644200663997427
0.17 0.8924743989262692
0.18 0.6971510380948649
0.19 0.5103567177909007
0.2 0.35217545231377456
0.21 0.23030674479278493
0.22 0.14341737493034773
0.23 0.08540740177891797
0.24 0.04882315241064698
0.25 0.026880822886705187
0.26 0.014296571676145009
0.27 0.007364414999649233
0.28 0.0036828437598836997
0.29 0.001791770349617522
0.3 8.496855740575717E-4
0.31 3.9341703519433417E-4
0.32 1.7813064311320606E-4
0.33 7.898127616995414E-5
0.34 3.433716492264205E-5
0.35000000000000003 1.4654324102496586E-5
0.36 6.145984893597339E-6
0.37 2.5355165815536995E-6
0.38 1.029867522033215E-6
0.39 4.1218878263884846E-7
0.4 1.626833941310771E-7
0.41000000000000003 6.336216370171293E-8
0.42 2.4369211517562025E-8
0.43 9.260667264127514E-9
0.44 3.4791931512156147E-9
0.45 1.2929435574661616E-9
0.46 4.75509648363659E-10
0.47000000000000003 1.7314812829286327E-10
0.48 6.24513892866849E-11
0.49 2.2320689894513348E-11
0.5 7.908222802448775E-12
0.51 2.7785011084807825E-12
0.52 9.683851135331567E-13
0.53 3.3491028353821845E-13
0.54 1.1496903388402785E-13
0.55 3.918566585620277E-14
0.56 1.3264251350152315E-14
0.5700000000000001 4.4602211782400224E-15
0.58 1.49022336654839E-15
0.59 4.948407389007274E-16
0.6 1.6333956094775903E-16
0.61 5.360647400754365E-17
0.62 1.7495513754570846E-17
0.63 5.679359185458448E-18
0.64 1.834048817690394E-18
0.65 5.892960227866169E-19
0.66 1.8842388872679318E-19
0.67 5.996306882244519E-20
0.68 1.8995021990124015E-20
0.6900000000000001 5.990507744317843E-21
0.7000000000000001 1.8811028297506076E-21
0.71 5.882219260838638E-22
0.72 1.8319010249293397E-22
0.73 5.682573595757851E-23
0.74 1.7559754920798127E-23
0.75 5.4059026853301055E-24
0.76 1.6582064211377954E-24
0.77 5.068412930428245E-25
0.78 1.5438644640996657E-25
0.79 4.6869389646176144E-26
0.8 1.4182409619433594E-26
0.81 4.277869879709739E-27
0.8200000000000001 1.286343016512429E-27
0.8300000000000001 3.8563039304801794E-28
0.84 1.1526654795545052E-28
0.85 3.4354532806626166E-29
0.86 1.02104192739703E-29
0.87 3.0262921504327626E-30
0.88 8.945689809703235E-31
0.89 2.637421370531398E-31
0.9 7.755931750068078E-32
0.91 2.2751099816810076E-32
0.92 6.657468434004416E-33
0.93 1.9434692636720744E-33
0.9400000000000001 5.6601878415168745E-34
0.9500000000000001 1.6447149761115583E-34
0.96 4.768462875509363E-35
0.97 1.3794785052059145E-35
0.98 3.981943019529059E-36
0.99 1.1560586429388219E-36
1.0 0.0
