0.0 1.0
0.01 0.9999999944056919
0.02 0.9999999910817258
0.03 1.0000000218006349
0.04 1.0000000497096653
0.05 0.9999999708808051
0.06 0.9999998433873325
0.07 0.9999999559822912
0.08 1.0000003373186004
0.09 1.000000360830999
0.1 0.9999995525397621
0.11 0.9999988784647252
0.12 0.9999999842436786
0.13 1.0000022207560928
0.14 1.000001960031708
0.15 0.9999975100024905
0.16 0.9999940747275846
0.17 0.9999990660353785
0.18 1.000009800480077
0.19 1.0000111468795894
0.2 0.9999938872420605
0.21 0.9999746496465519
0.22 0.9999843531476754
0.23 1.0000260984101108
0.24 1.000053651880927
0.25 1.0000155097535364
0.26 0.9999305521293129
0.27 0.9998974944284356
0.28 0.9999927866623521
0.29 1.0001514242926792
0.3 1.0001888334248692
0.31 0.9999938715557183
0.32 0.9997074086540003
0.33 0.9996506386811777
0.34 0.9999993000270337
0.35000000000000003 1.000511572625539
0.36 1.0006534241800478
0.37 1.000107168126936
0.38 0.9992073619013773
0.39 0.9987992541796417
0.4 0.9995042291351262
0.41000000000000003 1.0009994738139707
0.42 1.0020538200901015
0.43 1.0014762437508677
0.44 0.9992759369176433
0.45 0.9969841978115679
0.46 0.9966572927316592
0.47000000000000003 0.9991803282885459
0.48 1.0032157351053206
0.49 1.0058107717033227
0.5 1.0044547163308373
0.51 0.9991725944660174
0.52 0.9930241042789498
0.53 0.9903949291070588
0.54 0.9940401912458311
0.55 1.0028419538071611
0.56 1.0119268623791517
0.5700000000000001 1.0153206956410377
0.58 1.0096506650658754
0.59 0.9966343695681924
0.6 0.9827209414895358
0.61 0.975891907816876
0.62 0.9812930085833139
0.63 0.9980820250483591
0.64 1.0192602397090353
0.65 1.0346899398021967
0.66 1.0358610583953745
0.67 1.0201064968579865
0.68 0.9922627770721133
0.6900000000000001 0.9630058297876077
0.7000000000000001 0.9446090218719517
0.71 0.9459580893884469
0.72 0.9688789062069961
0.73 1.0071861454389746
0.74 1.0487097638310905
0.75 1.079421942344839
0.76 1.0881039297183794
0.77 1.0699507242504436
0.78 1.02803036437013
0.79 0.9723242674614079
0.8 0.9168544937742645
0.81 0.8759049726177365
0.8200000000000001 0.8604607231330135
0.8300000000000001 0.8757610443365608
0.84 0.92042667749035
0.85 0.9871450914567367
0.86 1.0645220462518983
0.87 1.1395087597360214
0.88 1.1998014117266078
0.89 1.235741395685169
0.9 1.2414489060709049
0.91 1.2151474819571488
0.92 1.1587562743108504
0.93 1.0771532457907627
0.9400000000000001 0.9765847433543462
0.9500000000000001 0.8656190066432873
0.96 0.7462465709507584
0.97 0.6432597352621099
0.98 0.49457949833849413
0.99 0.5339895659798769
1.0 1.0
